profile_id: all_potency_calibrated
name: All projects potency calibrated
description: Generated from saved candidate feedback; review before production use.
score_weights:
  direction: 0.2708678110873092
  property: 0.1558049820201051
  similarity: 0.09206658028460755
  synthetic: 0.11640955067542877
  risk: 0.07518581868719289
  transform_prior: 0.03541022318638752
  transform_activity: 0.0
  mmp_precedent: 0.058768506090841666
  evidence_consistency: 0.021246133911832513
  evidence_confidence_calibration: 0.010623066955916256
  sar_neighborhood: 0.03231168701668586
  ring_frequency: 0.014164089274555007
  scaffold_context: 0.021246133911832513
  scaffold_local_evidence: 0.014164089274555007
  strategy_learning_prior: 0.014164089274555007
  public_strategy_signal: 0.010623066955916256
  vendor: 0.05694417139227899
  route: 0.0
filters: {}
calibration:
  calibration_id: CAL-CEDD1B248112
  created_at: '2026-06-02T00:51:44.420297+00:00'
  endpoint_group: potency
  feedback_count: 96
  candidate_count: 96
  property_windows:
    mw:
      min: 148.12
      max: 221.4
      basis: 50 high-scoring feedback observations
    clogp:
      min: 1.25
      max: 2.72
      basis: 50 high-scoring feedback observations
    tpsa:
      min: 24.46
      max: 51.53
      basis: 50 high-scoring feedback observations
    hbd:
      min: -0.5
      max: 1.5
      basis: 50 high-scoring feedback observations
    hba:
      min: 1.5
      max: 2.6
      basis: 50 high-scoring feedback observations
    rotatable_bonds:
      min: 0.5
      max: 2.5
      basis: 50 high-scoring feedback observations
  endpoint_gate:
    endpoint_group: potency
    go_score: 72.0
    stop_score: 32.0
    min_evidence_score: 60.0
    min_risk_score: 55.0
    hard_min_evidence_score: 45.0
    low_confidence_threshold: 55.0
    mean_assay_confidence_score: 93.9796
    retest_event_count: 1
    event_count: 49
    learning_basis: observed_thresholds
    gate_source: assay_learning
