profile_id: all_stability_calibrated
name: All projects stability calibrated
description: Generated from saved candidate feedback; review before production use.
score_weights:
  direction: 0.2583039991743973
  property: 0.14781298593519127
  similarity: 0.0873440371435221
  synthetic: 0.11784941242994336
  risk: 0.07429456924339638
  transform_prior: 0.033593860439816194
  transform_activity: 0.0
  mmp_precedent: 0.03693765893255374
  evidence_consistency: 0.020156316263889716
  evidence_confidence_calibration: 0.010078158131944858
  sar_neighborhood: 0.05435164118102037
  ring_frequency: 0.013437544175926477
  scaffold_context: 0.020156316263889716
  scaffold_local_evidence: 0.013437544175926477
  strategy_learning_prior: 0.013437544175926477
  public_strategy_signal: 0.010078158131944858
  vendor: 0.0722396999880137
  route: 0.016490554212696972
filters: {}
calibration:
  calibration_id: CAL-CEDD1B248112
  created_at: '2026-06-02T00:51:44.420297+00:00'
  endpoint_group: stability
  feedback_count: 24
  candidate_count: 24
  property_windows:
    mw:
      min: 164.01
      max: 209.06
      basis: 7 high-scoring feedback observations
    clogp:
      min: 1.98
      max: 3.83
      basis: 7 high-scoring feedback observations
    tpsa:
      min: 4.23
      max: 23.46
      basis: 7 high-scoring feedback observations
    hbd:
      min: -0.5
      max: 0.5
      basis: 7 high-scoring feedback observations
    hba:
      min: 0.5
      max: 2.5
      basis: 7 high-scoring feedback observations
    rotatable_bonds:
      min: 0.5
      max: 2.9
      basis: 7 high-scoring feedback observations
  endpoint_gate:
    endpoint_group: stability
    go_score: 70.0
    stop_score: 35.0
    min_evidence_score: 65.0
    min_risk_score: 55.0
    hard_min_evidence_score: 45.0
    low_confidence_threshold: 55.0
    mean_assay_confidence_score: null
    retest_event_count: 0
    event_count: 0
    learning_basis: default_thresholds_until_more_data
    gate_source: default_endpoint_thresholds
